$ANSIBLE_VAULT;1.1;AES256
30666135616463636131353230303461646134323365323165373731303763323838306331373432
3033626138393535356133373433376561363135323437660a653331373632626664376432346366
65643866313130333432653239653038303062663064306131613033363164323564323865643764
3035616166333236360a643564303430653730613130353165633365613337313535333637623434
32666532393638386364336563663438343263656334393737323230383139383938346135303536
36663837623066363639623437323761656239363435613636373663316162616166383335376565
34613232383831356366393434643934393834373533663332663735366561663462386132656564
39636561386562656663663465623933316564383334623966373033356666363661646462393563
38376165303734393062313365623964366330613261303031316665343863663566643336636234
37383535376239383133346136313930306464323730386334663131326539333866666165626639
35353031316138323365393036326264353633313965656139356231383762343066636463643362
65643532663837643130326663353662306165316130643836393363356130356632623839373130
65393461616663366164343334383862383839313762616434333238303964653663343938343234
33343938613639643434616338646334653934313837333736343135306462396365366435336238
62643035363534336233373237376665393566353735336436323762343565396137643732306332
30313363343838313930313735323565316530663263636138363363336463663865373438326435
30363237633763626161633166313964663939386532643766613833636662613461363037383663
33643164363365333464643265653130333633353863343432626137383466653839616535393466
32626639326135313438373730353531373831303036313864656538363233643431313434363134
35363765373135643731666334363633316137353838653938333233393735613236636266366630
37356665336531313136303266396530626564336434366363643038373631643130656431663261
38383534303465653662366232353835613330616338646462666362626138363664393038333965
39646265353931333362353864636663363135643865373833336264366530643033643838303462
65363439636635336336616430353938663834646433613437343937326531383535393635316262
32366639333164343930653330383531316138353736633635353232313165656662373238343261
6536366136386161656635323536313237373531663961663130
