$ANSIBLE_VAULT;1.1;AES256
37303534316635353361313862396563616237343166636434613235663538333663316635643663
3430646338613431353439386331326239313733663835350a323234646564373363363266373362
33643066396331306363613036663533626430623065353438383733326266393636366138343365
3430643161326265320a396338343331613563363536333536326362333538326632633534613962
64333833306337373335376638303831353464623262633864353036303539393432326462306632
62333863393834323466353438666133386562633862323835393561383965356366356461646538
35656131373564306436393037373936366139613435393831653435396438666365363462643232
38346664396264353833643436356362343537353538356262633736636432393236613934386562
39383230386537333562313630353837346631626565653134343739383533376665653834643239
63663337376233376139636530363337383835303435396138666562646263643139383532643338
30613538353037356230393636343838336339616332653534353464353664613862316665363266
63613031326639363137373931656163646336633864346433366463666662353430663337623762
30303339633136613930386136393361656336653336346536663437623531346234663833383461
3237383636333532396634396636633863396333633034316666
